[  1.26430788e-03   4.47589147e-04   3.38886003e-03   6.10357092e-04
   3.69564667e-02  -1.08830398e-02   6.30629584e-02   1.45797376e-02
   1.86427515e-02  -1.18675595e-02   4.97770719e-02   1.72621422e-02
  -3.16339731e-03  -1.72219553e-03   1.26504470e-02   3.95703502e-03
   2.59065311e-02   3.95837676e-04   3.53559814e-02   2.21576565e-03
   3.21888596e-01   4.82164398e-02   4.45937514e-01   8.78353640e-02
  -8.07267353e-02  -7.64612248e-03   5.01814425e-01   1.26782194e-01
   1.23172691e-02   1.88894309e-02   7.34012872e-02   2.23210193e-02
   2.89721284e-02   1.56797201e-03   3.61630619e-02   2.83719716e-03
   2.21698105e-01  -3.84248085e-02   3.17358255e-01   1.59171626e-01
   6.55688867e-02  -5.32799736e-02   3.67103517e-01   2.40901798e-01
   2.64006644e-03   8.55814759e-03   4.75523323e-02   5.10773323e-02
   3.45280953e-03  -9.43112173e-05   4.79618367e-03   6.20999839e-04
   4.23154160e-02   3.23831307e-04   5.73418923e-02   7.11563742e-03
  -9.61407274e-03  -7.94850476e-03   7.86417350e-02   1.56561490e-02
   7.05029990e-04  -2.40391120e-03   3.47888935e-03   8.27955734e-03]
[  2.34314241e-03  -1.96540859e-04   3.54298414e-03   2.79833417e-04
   4.47851494e-02  -6.87339203e-03   4.82686758e-02   1.33290971e-02
  -1.49798412e-02   2.88541499e-03   8.02485794e-02   2.22784318e-02
   8.98309797e-03   1.24303551e-04   9.69506148e-03   6.13111723e-03
   2.42832582e-02  -7.46252597e-04   3.25066261e-02   2.57924525e-03
   2.44313851e-01  -5.09779667e-03   3.24277639e-01   1.59332007e-01
   2.01781597e-02   2.42284033e-02   4.92963612e-01   2.11379051e-01
   1.06587633e-02  -2.44846772e-02   3.24560404e-02   4.27987389e-02
   8.80576391e-03   1.05369622e-02   2.84338295e-02   1.86396725e-02
   2.47844934e-01  -9.43145007e-02   3.80691200e-01   1.05728202e-01
   5.89808337e-02  -6.68804199e-02   4.82383370e-01   1.55354932e-01
  -1.18581019e-02   7.86013715e-03   2.63682846e-02   4.52492200e-02
  -8.50543473e-03   2.44357134e-03   1.35021461e-02   9.70842130e-03
   2.31375545e-02   8.59012245e-04   3.70185114e-02   1.45881744e-02
   3.94720882e-02   2.36262176e-02   5.11684380e-02   3.19018066e-02
  -3.09350551e-03   5.89420274e-03   4.28919075e-03   7.49513507e-03]
[ -1.48051337e-03   1.47534272e-04   1.48251280e-03   1.02917315e-03
   1.64964329e-02   3.13008524e-04   4.90758494e-02   5.82971796e-03
   3.12331133e-02  -2.06531417e-02   6.99336156e-02   3.87944765e-02
   8.24160781e-03  -3.22476058e-04   8.78899824e-03   2.19610007e-03
  -1.03705749e-02   7.13249843e-04   1.06088417e-02   4.03272547e-03
   5.07796258e-02   8.98117051e-02   2.83609450e-01   1.54818445e-01
   2.39185482e-01  -5.99711798e-02   3.17235291e-01   2.33315513e-01
  -1.36348577e-02  -3.81045528e-02   2.88494322e-02   4.81721088e-02
  -8.92562885e-03   3.33065237e-03   9.04718973e-03   4.92785266e-03
  -6.64269105e-02  -5.76284081e-02   3.65191311e-01   2.24433690e-01
   3.73160392e-01   1.34708196e-01   4.84810591e-01   2.29883090e-01
  -1.21892868e-02   4.14893590e-02   1.75324567e-02   8.34734291e-02
   1.79666258e-05   1.37173606e-03   7.24916317e-05   1.68002350e-03
   1.38848256e-02   3.34232971e-02   4.80684228e-02   3.43509614e-02
   2.68038828e-02   7.81995337e-03   3.80014293e-02   1.12538273e-02
   9.70574969e-04   7.85517413e-03   1.68970670e-03   7.85517413e-03]
[  3.77802324e-04   1.55102951e-03   6.38433150e-04   2.48832093e-03
  -3.35235931e-02   1.08661866e-02   6.13031723e-02   1.90045722e-02
   6.12237770e-03   1.60034355e-02   4.48580086e-02   2.71555092e-02
  -4.03694296e-03   1.23215548e-03   4.72176354e-03   1.66564761e-03
   1.14004943e-03   4.23634099e-03   2.01691315e-03   4.36948519e-03
   7.86189884e-02  -4.57824394e-02   5.99705100e-01   1.10551231e-01
  -1.91685632e-01   2.46324744e-02   3.32281172e-01   1.71972603e-01
  -2.06166115e-02  -9.89201595e-04   2.99944207e-02   3.53686023e-03
  -4.71028779e-03  -3.58370785e-03   4.71028779e-03   5.88307204e-03
   1.44736186e-01   3.69549766e-02   5.24371862e-01   1.39720052e-01
  -2.14304373e-01   6.65814430e-02   2.17193693e-01   9.65105370e-02
  -1.53718935e-02   6.29575364e-03   3.92096415e-02   8.69782176e-03
   5.05475618e-05   1.27096171e-03   5.05475618e-05   1.45903917e-03
   1.74893830e-02   6.58620056e-03   7.23907724e-02   1.77722760e-02
  -1.99596528e-02   3.83595028e-03   2.20972318e-02   6.39229035e-03
  -8.45403410e-03   8.17793363e-04   1.12062171e-02   1.99213275e-03]
[ -2.08872813e-03  -1.77554914e-03   7.04126293e-03   2.70618079e-03
   3.50596532e-02  -1.51263112e-02   6.31733015e-02   2.85193063e-02
   2.09484212e-02  -1.24722789e-03   4.98746559e-02   1.08051617e-02
   4.09210334e-03  -2.97294999e-03   1.03672110e-02   8.08347017e-03
  -3.29320692e-02  -1.81675295e-03   3.29320692e-02   3.53725883e-03
   1.83655038e-01   2.92725731e-02   2.98476160e-01   5.71803674e-02
   1.52271613e-01  -3.39476317e-02   5.70064723e-01   1.71316683e-01
   7.93531090e-02   2.82778079e-03   8.24542940e-02   8.46800301e-03
  -3.37398797e-02   6.28033304e-04   3.37398797e-02   2.62845494e-03
   2.19717011e-01  -1.88046433e-02   2.66323090e-01   4.92214262e-02
   1.57368749e-01  -3.92453857e-02   4.92084980e-01   2.49336600e-01
   3.96842025e-02   7.76173221e-03   4.62979898e-02   3.88352014e-02
  -3.86259262e-03   2.05719160e-04   5.41287335e-03   1.58926600e-03
   2.75208075e-02   7.63752265e-04   3.74672860e-02   1.13088638e-02
   2.23097317e-02  -6.49139425e-03   7.66854659e-02   2.21400168e-02
  -3.87633831e-04   1.01407326e-03   3.68770049e-03   5.48388297e-03]
[ -1.79597433e-03  -2.83806794e-03   1.96906389e-03   2.86149792e-03
   1.19912159e-02  -4.21015210e-02   4.54083420e-02   4.31296639e-02
   1.57938655e-02   9.01111867e-03   1.82000361e-02   9.95228067e-03
   4.22567502e-03   8.87212285e-04   4.25623264e-03   9.32198425e-04
  -2.65469565e-03   8.48404411e-03   3.86614427e-02   2.97100395e-02
   1.42427400e-01   5.46225645e-02   3.49404484e-01   1.74137712e-01
   2.37049878e-01  -6.95374832e-02   3.90861005e-01   1.59837529e-01
   1.04534505e-02   6.62937644e-04   1.28330141e-02   6.49072789e-03
   4.44603264e-02  -1.50586832e-02   5.93763664e-02   4.05929387e-02
  -1.30060241e-01   9.98057798e-03   4.41008955e-01   2.74123818e-01
   3.29819590e-01   4.57363687e-02   3.99186939e-01   5.95293567e-02
   9.12904833e-03   4.72915173e-03   2.09586974e-02   1.18592987e-02
  -2.24137097e-03  -5.44052236e-05   3.17747006e-03   5.15402062e-04
   2.15985738e-02   3.59652797e-03   3.88146192e-02   6.93039410e-03
   4.87367436e-02   7.11670145e-03   4.93498482e-02   1.07664075e-02
  -1.17062696e-03  -1.14845065e-03   5.33813052e-03   2.55965488e-03]
[  2.85406277e-04  -1.83409837e-03   2.96695682e-04   1.90280646e-03
   5.42317703e-03  -1.98811330e-02   2.85371896e-02   2.14654878e-02
   2.18516178e-02   4.31989878e-03   2.18740851e-02   5.81305567e-03
  -1.66072429e-03  -2.86058093e-06   5.31872362e-03   1.58718985e-03
  -2.45115366e-02  -4.33781231e-03   2.46842168e-02   4.97953733e-03
   1.38091862e-01   7.86379799e-02   4.96560514e-01   2.82965899e-01
   2.39428699e-01   9.29149892e-03   3.02665502e-01   8.69332328e-02
  -2.78314874e-02  -6.68973522e-03   4.59245108e-02   2.45607272e-02
  -4.10325602e-02  -1.30144944e-02   4.12788428e-02   1.37459533e-02
   1.63487986e-01  -1.33531749e-01   3.80663782e-01   2.55788594e-01
   2.43201524e-01   1.00217732e-02   3.69855881e-01   8.55006427e-02
   3.40453326e-03  -7.79432198e-03   9.87527072e-02   3.91606092e-02
  -5.25174290e-03  -1.25252001e-03   5.28284861e-03   1.27261330e-03
   3.51787172e-02   1.53811276e-02   3.87577191e-02   1.71050876e-02
   6.89729210e-03  -8.48986953e-03   7.93670565e-02   2.05444880e-02
   1.49299875e-02   3.88954347e-03   1.49757490e-02   4.05979995e-03]
[ -6.85160141e-03   1.76935966e-04   6.85160141e-03   7.36496295e-04
   3.01406682e-02  -1.02530071e-03   5.39117493e-02   7.52242282e-03
   4.24330607e-02  -7.22694956e-03   7.98603073e-02   3.36455218e-02
  -5.28129982e-03  -7.66369631e-04   2.36069839e-02   2.28511635e-03
  -4.07397114e-02  -1.71189453e-03   4.07397114e-02   6.63739862e-03
   1.85596541e-01   7.25411624e-03   3.54300499e-01   3.68686169e-02
   2.69405812e-01  -1.46394938e-01   4.17479485e-01   2.28993446e-01
  -1.69256181e-02   2.46186238e-02   1.05940066e-01   4.67963926e-02
  -4.25299294e-02   7.99187517e-04   4.25299294e-02   3.81531799e-03
   1.78755850e-01   2.04146840e-02   3.41456234e-01   7.57069141e-02
   2.60239601e-01   5.21187223e-02   4.16348040e-01   2.27330193e-01
  -4.65715416e-02  -2.51752809e-02   6.72557428e-02   6.10277206e-02
  -6.53966004e-03   3.47575144e-04   6.53966004e-03   9.47856461e-04
  -1.95379928e-02   7.50405295e-03   7.77344257e-02   6.88121691e-02
   6.40478209e-02   1.79062765e-02   6.55314624e-02   3.45209911e-02
  -8.50884151e-03   3.87679483e-03   9.30484105e-03   7.35097798e-03]
[ 0.00472034 -0.00180757  0.00669444  0.00313059  0.01893809 -0.00103378
  0.08559411  0.02864658 -0.00998827  0.02436467  0.06577908  0.04863556
 -0.00537861 -0.00059667  0.00554844  0.0034752   0.01842289 -0.00633327
  0.03834485  0.01164987 -0.00411499 -0.1903526   0.24454264  0.19957614
  0.26899913  0.03016189  0.57209206  0.12965751 -0.0277094   0.04924038
  0.04311259  0.06824788 -0.01667892  0.0033371   0.05378991  0.04712801
  0.31069967 -0.02098748  0.36067456  0.15426388  0.19760011 -0.03250099
  0.27068818  0.19529624  0.01633345  0.00184933  0.03096579  0.05214412
 -0.00522448 -0.00494535  0.00630038  0.00592097  0.03844079 -0.01105193
  0.03976377  0.01324168  0.04081567 -0.00768918  0.0410329   0.01856767
 -0.00228196 -0.00212331  0.00367912  0.00479514]
[-0.00248965 -0.00166356  0.00598347  0.00496371  0.06002856  0.02376746
  0.06105608  0.03574606  0.0189071   0.01910568  0.05252311  0.02250738
 -0.00362061  0.01571332  0.00518391  0.01606741  0.00202214 -0.00215933
  0.02914757  0.01327568  0.39999425 -0.0135755   0.45777419  0.13280058
  0.17122284 -0.01202168  0.21472855  0.3119227  -0.01181058 -0.02772345
  0.02732063  0.06377378  0.01611014  0.00658974  0.0367132   0.01573994
  0.38643262  0.05470783  0.40530702  0.1749347   0.10284618 -0.03006217
  0.1885981   0.12641266 -0.00447783  0.00533162  0.03666041  0.05251056
  0.00742577  0.00576141  0.00953506  0.00649343  0.01246234 -0.00123757
  0.0234857   0.00646526  0.02798039 -0.0067443   0.03247301  0.0075247
  0.00217604  0.00153176  0.00539263  0.00188173]
